Test accuracy: 0.9694

              precision    recall  f1-score   support

           0       1.00      0.97      0.99        36
           1       0.90      1.00      0.95        36
           2       1.00      1.00      1.00        35
           3       1.00      1.00      1.00        37
           4       0.97      1.00      0.99        36
           5       0.97      1.00      0.99        37
           6       0.97      0.97      0.97        36
           7       0.92      0.97      0.95        36
           8       1.00      0.80      0.89        35
           9       0.97      0.97      0.97        36

    accuracy                           0.97       360
   macro avg       0.97      0.97      0.97       360
weighted avg       0.97      0.97      0.97       360
